9529
28
347
4612
7463
3891
348
8658
121
7047
1594
3197
8633
587
8158
5054
4370
3324
7759
9378
3989
7646
7900
182
289
8704
7406
1158
8453
4770
1503
3687
919
2918
3865
9286
5870
7412
6024
9255
2227
6194
7283
3814
7174
1878
3027
8393
2050
9745
1094
5637
7504
2849
9006
1884
2127
165
4323
8759
6484
9190
205
5350
5544
7907
2279
5715
6722
8872
9183
6958
7300
8503
7151
7795
363
4087
3007
8410
5677
9013
9108
8708
3677
5866
6183
8069
3912
1981
7159
5706
3089
7265
2772
3037
5989
1933
8269
9267
9599
7312
1671
3177
562
4136
8336
9000
5698
1212
1522
8040
7157
5912
3082
7471
82
1497
1674
9678
1724
4210
1804
4742
1714
3478
3869
36
5732
4115
1807
8430
5817
3740
8811
8365
7342
5931
8146
9540
7529
7182
2371
2701
460
9119
8548
7176
4184
5300
2955
4492
259
8591
7543
5389
5508
6929
1464
7084
267
8301
3268
1584
9404
3091
2223
3418
7100
4716
129
4151
3351
2133
2149
4541
1839
9103
4282
2594
4929
6693
5852
432
1160
7314
8171
7226
6196
3423
2857
414
4467
1062
9274
9227
3915
788
3296
7368
6897
5131
76
9467
5172
8803
1142
8126
6442
3002
3551
6405
2647
8869
2156
3574
2450
2836
424
2091
4920
4996
7221
3678
1860
9714
9684
2289
2859
2922
627
1051
5808
6914
5697
9797
6617
6384
5260
2356
6173
46
785
3194
9871
6452
7767
5597
8906
5701
6778
1079
364
1205
2448
1901
7910
6397
7608
5457
9119
8852
5267
3520
2376
2500
598
5732
3172
2358
6956
6065
7576
8068
5918
4875
4211
4028
3806
5407
1948
4087
3383
7157
6144
9548
688
4603
4466
3797
1888
221
8776
9803
3236
7320
4778
7265
819
7372
5854
2035
2425
6548
8745
713
3502
2296
5286
7572
7690
3882
2591
2201
3509
5033
5469
8109
7376
2827
1813
5994
1266
9375
471
6735
7289
7773
4832
8597
98
6946
3210
6434
9552
9913
1662
6835
8412
5432
6046
8392
9316
6894
6106
8005
7629
6576
6294
8203
1852
6668
9888
7991
5560
9860
769
3049
6078
2010
3423
5729
7463
6689
7475
744
673
6157
2648
3595
3371
8634
9697
1945
6781
3420
6677
4372
3269
2465
9106
713
1479
6629
6746
3429
7058
5219
875
9692
9145
8612
758
6403
2009
317
930
2628
9418
5363
7333
1473
3929
2699
4832
3218
6971
7943
1211
2140
3184
6396
9779
3613
2903
2711
4250
834
9943
4046
3686
5454
5283
2955
4450
4758
7877
3295
9936
6464
2491
4050
4954
7906
5131
7634
6784
8779
1797
3528
6458
9114
4009
8734
6509
2749
8832
7144
3500
9297
6066
96
2684
5372
1677
1880
6190
974
8249
75
5341
3676
8007
4746
9649
9133
1443
1874
8482
5269
5926
5471
9036
6415
7587
4572
1445
6548
6446
1701
5925
733
9794
639
398
2395
1366
9581
6230
3251
1445
5810
531
1723
8187
2782
1108
9262
9085
7375
1307
6959
8662
8231
3371
596
1060
6269
7784
7105
435
9641
4527
6548
4149
4608
3882
7368
4349
7254
7768
1861
5643
5231
3824
116
4940
7313
8227
4806
3464
2183
7463
9071
395
8965
2071
1564
7267
9801
1336
5097
1798
9125
2816
1804
1284
3982
7574
3580
8900
3740
4914
1831
9606
9446
1317
3431
4407
3255
5656
3746
8041
2979
3641
8252
2179
5456
6154
5183
2537
2319
101
4547
5919
2672
64
6518
2415
2021
8832
958
9739
4648
5905
9724
7269
5632
9464
949
7649
8639
7156
4012
4146
7590
7055
8818
5484
4564
9625
5827
7828
2391
1043
6582
3639
368
5912
6935
9382
4798
1017
2386
4423
4698
4006
3393
7073
3916
984
6546
5992
5206
7534
3898
5162
6088
401
8329
5616
1245
1034
7850
2396
3006
3130
7348
3605
9323
6085
6901
9720
2530
1566
2851
7623
4770
9589
9448
3584
3662
1745
1569
3581
3079
9835
2623
4857
7145
1420
7551
9967
7583
1319
8137
3765
3166
9990
1417
1569
6658
9788
7750
7830
4082
6826
3462
3641
4683
6274
392
6498
952
4745
1954
9500
9465
4270
9317
3171
507
2492
6460
7904
8534
6934
2137
1212
3428
9086
4457
4780
8173
7880
6926
3874
3995
3738
9499
6253
6373
8982
175
871
1028
1053
9015
2838
9364
8637
4299
8896
673
8246
1062
4166
3328
9845
9296
7147
4689
2251
214
5596
1818
5611
8325
3072
7819
8080
5506
5728
4770
3064
6797
1525
2317
5589
6876
7482
7919
9298
1847
4790
4787
5561
4107
9926
6818
2760
546
4149
4441
2353
1564
4123
8769
4578
9053
5416
2727
5944
5018
1285
3132
8571
4126
7609
1450
9536
1850
7739
2970
1814
9227
5390
404
5423
810
6257
1504
8398
6253
5060
7534
1358
1287
2418
1501
2674
2756
7739
6536
1461
4755
1976
4281
563
1659
6216
1435
6498
8477
7282
911
2807
1179
2627
3125
6173
3719
3346
3769
2797
3912
4329
9690
9958
3750
1774
7284
1709
6108
8775
6781
4110
1204
1509
7059
7252
1110
9841
3764
4594
4823
5006
9921
8971
4150
4728
179
8659
9293
5327
8955
9409
3971
3740
7548
427
2285
4322
6813
9884
8931
9725
390
9701
502
6800
1604
9670
5568
5872
5063
3877
9582
9174
7974
8906
4407
720
5808
9022
1596
8625
2416
782
9819
7371
140
7464
3960
6633
4967
6788
3029
3879
5663
5097
4616
220
8469
7350
3125
509
3092
3421
265
5078
9827
4796
5765
8642
6019
1565
8513
7790
8289
306
7310
9608
9882
3130
6660
4140
5710
8935
906
8275
849
5703
3512
2877
4291
4188
2250
8458
5898
1088
5534
8994
517
4741
7543
5344
1699
5318
614
3402
8274
5238
5590
5357
7786
5007
338
5340
690
8984
4798
4157
2516
1989
4230
4125
1285
2888
4352
1832
9315
56
1893
7202
4772
8315
9092
5141
5587
1317
2441
392
8321
7503
1
5610
113
8154
5091
9283
3850
6910
7769
6913
6289
1377
6479
8528
512
