9
22
112
113
173
177
195
211
215
219
241
296
320
334
355
363
414
450
451
475
478
486
499
533
538
539
543
559
560
584
611
627
647
657
661
704
708
710
718
720
748
749
768
770
790
804
853
888
906
915
921
932
940
957
966
970
973
983
1006
1055
1066
1073
1077
1119
1123
1150
1164
1172
1175
1186
1195
1231
1246
1277
1278
1325
1371
1380
1381
1400
1404
1414
1444
1453
1478
1487
1519
1534
1571
1607
1621
1628
1629
1636
1666
1668
1706
1725
1733
1742
1758
1762
1769
1797
1811
1814
1818
1836
1940
1943
1945
1960
1986
2039
2046
2051
2067
2084
2093
2106
2127
2134
2145
2164
2177
2179
2185
2186
2195
2227
2245
2254
2259
2284
2296
2301
2306
2324
2328
2340
2344
2364
2402
2410
2423
2427
2477
2505
2507
2539
2547
2566
2597
2602
2624
2629
2643
2652
2661
2693
2720
2726
2730
2732
2734
2737
2745
2753
2777
2784
2789
2807
2822
2825
2867
2872
2873
2885
2899
2918
2931
2934
2940
2945
2958
2969
2977
2982
2998
3015
3026
3036
3044
3045
3050
3061
3085
3103
3155
3167
3186
3198
3199
3202
3218
3237
3257
3259
3314
3319
3321
3333
3350
3370
3372
3413
3423
3429
3477
3488
3509
3520
3552
3567
3571
3620
3681
3696
3787
3797
3801
3809
3833
3852
3872
3919
3929
3933
3955
3970
3981
3997
4006
4007
4030
4047
4051
4059
4060
4065
4071
4072
4084
4103
4107
4109
4118
4123
4138
4146
4161
4201
4214
4222
4242
4260
4272
4282
4291
4314
4315
4317
4331
4350
4362
4366
4369
4371
4381
4384
4401
4408
4413
4423
4424
4435
4456
4481
4515
4522
4525
4535
4569
4571
4581
4587
4589
4593
4594
4596
4602
4617
4623
4640
4661
4666
4670
4686
4688
4693
4703
4724
4740
4741
4763
4769
4785
4792
4795
4816
4819
4828
4839
4848
4851
4918
4938
4972
4978
4992
4997
5004
5017
5040
5041
5068
5081
5101
5120
5129
5135
5141
5142
5159
5161
5166
5208
5235
5238
5242
5260
5280
5322
5328
5342
5345
5347
5410
5425
5435
5447
5452
5490
5512
5543
5548
5566
5577
5581
5602
5629
5641
5650
5655
5662
5681
5725
5745
5752
5763
5768
5781
5800
5841
5845
5864
5877
5885
5894
5897
5911
5916
5922
5928
5949
5962
5968
5979
6045
6083
6092
6094
6099
6130
6135
6146
6154
6165
6185
6203
6213
6219
6223
6233
6235
6244
6252
6255
6260
6266
6302
6303
6307
6315
6325
6330
6347
6403
6405
6406
6417
6433
6434
6448
6450
6477
6484
6489
6500
6505
6510
6511
6522
6556
6583
6617
6631
6655
6681
6687
6701
6735
6754
6786
6789
6790
6792
6796
6851
6856
6859
6882
6918
6939
6969
6970
6980
6983
6993
7047
7056
7058
7096
7119
7120
7135
7139
7149
7155
7174
7217
7235
7237
7245
7258
7262
7302
7322
7336
7340
7345
7348
7404
7413
7429
7504
7517
7528
7534
7543
7548
7549
7568
7590
7594
7607
7629
7670
7672
7690
7692
7704
7705
7707
7711
7716
7719
7720
7739
7772
7778
7779
7791
7795
7804
7810
7813
7839
7847
7891
7945
7975
7985
7993
7995
8030
8032
8035
8050
8053
8083
8117
8141
8154
8156
8163
8167
8168
8171
8176
8197
8215
8219
8223
8224
8240
8256
8263
8267
8287
8292
8306
8308
8314
8331
8363
8378
8379
8410
8412
8418
8422
8457
8477
8497
8500
8511
8534
8538
8543
8626
8651
8664
8677
8695
8701
8720
8743
8748
8770
8782
8784
8789
8808
8824
8826
8827
8829
8832
8833
8840
8849
8851
8853
8868
8893
8906
8907
8911
8923
8930
8936
8948
8951
8974
9015
9025
9040
9044
9047
9083
9120
9125
9155
9169
9171
9173
9186
9193
9251
9253
9254
9258
9259
9265
9289
9301
9312
9321
9353
9364
9365
9377
9415
9478
9480
9493
9512
9516
9538
9543
9562
9563
9571
9578
9584
9587
9589
9601
9609
9617
9629
9631
9648
9650
9700
9710
9711
9715
9742
9744
9758
9764
9787
9798
9839
9877
9887
9890
9898
9946
9980
10006
10015
10026
10029
10061
10065
10067
10068
10074
10107
10110
10113
10115
10116
10147
10151
10176
10180
10211
10212
10227
10232
10252
10263
10269
10277
10282
10290
10294
10318
10327
10347
10356
10362
10374
10401
10403
10404
10420
10443
10447
10494
10496
10515
10539
10568
10569
10587
10605
10606
10615
10650
10683
10690
10724
10772
10787
10812
10820
10822
10835
10838
10853
10871
10884
10897
10898
10899
10905
10920
10956
11000
11038
11041
11050
11056
11078
11106
11116
11120
11122
11140
11150
11156
11172
11185
11195
11205
11218
11231
11242
11248
11258
11261
11262
11275
11286
11337
11339
11355
11364
11369
11402
11407
11422
11428
11452
11474
11478
11484
11540
11547
11551
11570
11576
11621
11630
11711
11722
11746
11750
11787
11807
11813
11820
11828
11832
11845
11855
11876
11877
11892
11893
11894
11906
11945
11952
11956
11966
12003
12019
12059
12062
12076
12086
12087
12124
12144
12148
12172
12193
12205
12222
12255
12262
12296
12309
12310
12335
12352
12374
12395
12401
12406
12407
12410
12412
12414
12418
12424
12425
12527
12534
12541
12544
12578
12588
12590
12599
12622
12624
12628
12651
12654
12670
12679
12683
12687
12689
12690
12716
12731
12737
12745
12746
12752
12755
12803
12820
12824
12829
12835
12838
12854
12857
12866
12872
12891
12901
12906
12923
12935
12936
12943
12965
12980
12986
13001
13009
13010
13032
13037
13053
13057
13061
13134
13175
13184
13225
13257
13264
13269
13276
13306
13312
13323
13367
13379
13395
13401
13424
13431
13444
13454
13460
13472
13486
13523
13530
13548
13597
13609
13611
13621
13629
13632
13633
13634
13638
13651
13691
13695
13696
13707
13728
13732
13739
13768
13769
13780
13833
13837
13841
13852
13874
13905
13908
13909
13911
13926
13929
13939
13966
13980
13988
13996
14020
14026
14043
14061
14064
14069
14071
14106
14111
14123
14124
14167
14183
14210
14216
14218
14220
14227
14231
14238
14255
14261
14269
14293
14325
14342
14361
14377
14380
14405
14409
14428
